# x	y	u	v	mask
  0.5131	 11.2889	  0.0000	  0.0000	  0.0000
  0.8980	 11.2889	  0.0000	  0.0000	  0.0000
  1.2828	 11.2889	  0.0000	  0.0000	  0.0000
  1.6677	 11.2889	  0.0000	  0.0000	  0.0000
  2.0525	 11.2889	  0.0000	  0.0000	  0.0000
  2.4374	 11.2889	 -0.2520	 -0.4714	  0.0000
  2.8222	 11.2889	 -2.2288	 -0.9243	  0.0000
  3.2071	 11.2889	 -2.7289	 -0.8090	  0.0000
  3.5919	 11.2889	 -2.2405	 -0.9734	  0.0000
  3.9768	 11.2889	 -1.9557	 -0.8764	  0.0000
  4.3616	 11.2889	 -2.2900	 -0.9841	  0.0000
  4.7465	 11.2889	 -2.6358	 -0.9172	  0.0000
  5.1313	 11.2889	 -2.7151	 -0.7489	  0.0000
  5.5162	 11.2889	 -2.6784	 -0.5368	  0.0000
  5.9010	 11.2889	 -2.6542	 -0.3308	  0.0000
  6.2859	 11.2889	 -2.8387	 -0.0992	  0.0000
  6.6707	 11.2889	 -3.2024	  0.2541	  0.0000
  7.0556	 11.2889	 -3.3467	  0.5576	  0.0000
  7.4404	 11.2889	 -3.2628	  0.8698	  0.0000
  7.8253	 11.2889	 -2.1440	  0.6395	  0.0000
  8.2101	 11.2889	 -1.7742	  0.4833	  0.0000
  8.5949	 11.2889	 -1.7155	  0.4830	  0.0000
  8.9798	 11.2889	 -1.4719	  1.5186	  0.0000
  9.3646	 11.2889	 -0.9967	  0.6663	  0.0000
  9.7495	 11.2889	  0.0000	  0.0000	  0.0000
 10.1343	 11.2889	  0.0000	  0.0000	  0.0000
 10.5192	 11.2889	  0.0000	  0.0000	  0.0000
 10.9040	 11.2889	  0.0000	  0.0000	  0.0000
 11.2889	 11.2889	  0.0000	  0.0000	  0.0000
  0.5131	 10.9040	  0.0000	  0.0000	  0.0000
  0.8980	 10.9040	  0.0000	  0.0000	  0.0000
  1.2828	 10.9040	  0.0000	  0.0000	  0.0000
  1.6677	 10.9040	 -0.2089	  0.0229	  0.0000
  2.0525	 10.9040	 -1.2667	 -1.1165	  0.0000
  2.4374	 10.9040	 -2.4406	 -1.3809	  0.0000
  2.8222	 10.9040	 -2.4923	 -1.2633	  0.0000
  3.2071	 10.9040	 -2.6777	 -1.0492	  0.0000
  3.5919	 10.9040	 -2.7303	 -1.0458	  0.0000
  3.9768	 10.9040	 -2.8277	 -1.1406	  0.0000
  4.3616	 10.9040	 -3.0281	 -1.0820	  0.0000
  4.7465	 10.9040	 -3.0932	 -1.0023	  0.0000
  5.1313	 10.9040	 -3.1739	 -0.7884	  0.0000
  5.5162	 10.9040	 -3.4255	 -0.5100	  0.0000
  5.9010	 10.9040	 -3.7097	 -0.2584	  0.0000
  6.2859	 10.9040	 -3.8821	  0.0342	  0.0000
  6.6707	 10.9040	 -3.8812	  0.3236	  0.0000
  7.0556	 10.9040	 -3.7050	  0.7299	  0.0000
  7.4404	 10.9040	 -3.6880	  1.1718	  0.0000
  7.8253	 10.9040	 -3.4251	  1.3478	  0.0000
  8.2101	 10.9040	 -2.5901	  1.0352	  0.0000
  8.5949	 10.9040	 -1.9490	  0.8064	  0.0000
  8.9798	 10.9040	 -1.7688	  0.7877	  0.0000
  9.3646	 10.9040	 -1.0851	  0.6189	  0.0000
  9.7495	 10.9040	  0.0825	  0.1404	  0.0000
 10.1343	 10.9040	 -0.3154	  0.2339	  0.0000
 10.5192	 10.9040	  0.0000	  0.0000	  0.0000
 10.9040	 10.9040	  0.0000	  0.0000	  0.0000
 11.2889	 10.9040	  0.0000	  0.0000	  0.0000
  0.5131	 10.5192	  0.0000	  0.0000	  0.0000
  0.8980	 10.5192	  0.0000	  0.0000	  0.0000
  1.2828	 10.5192	 -0.5020	  0.0286	  0.0000
  1.6677	 10.5192	 -2.2075	 -1.7766	  0.0000
  2.0525	 10.5192	 -2.1158	 -1.6072	  0.0000
  2.4374	 10.5192	 -2.5411	 -1.6250	  0.0000
  2.8222	 10.5192	 -2.7956	 -1.4495	  0.0000
  3.2071	 10.5192	 -3.4181	 -1.3972	  0.0000
  3.5919	 10.5192	 -3.8702	 -1.4309	  0.0000
  3.9768	 10.5192	 -3.9408	 -1.3155	  0.0000
  4.3616	 10.5192	 -4.2007	 -1.2716	  0.0000
  4.7465	 10.5192	 -4.5614	 -1.1693	  0.0000
  5.1313	 10.5192	 -4.7924	 -0.9499	  0.0000
  5.5162	 10.5192	 -4.7853	 -0.5635	  0.0000
  5.9010	 10.5192	 -4.9244	 -0.2964	  0.0000
  6.2859	 10.5192	 -4.8750	  0.1541	  0.0000
  6.6707	 10.5192	 -4.6993	  0.7712	  0.0000
  7.0556	 10.5192	 -4.2514	  1.0252	  0.0000
  7.4404	 10.5192	 -3.9043	  1.5355	  0.0000
  7.8253	 10.5192	 -3.8068	  1.7142	  0.0000
  8.2101	 10.5192	 -3.2503	  1.6511	  0.0000
  8.5949	 10.5192	 -2.7282	  1.6311	  0.0000
  8.9798	 10.5192	 -2.0518	  1.4416	  0.0000
  9.3646	 10.5192	 -1.1387	  0.6792	  0.0000
  9.7495	 10.5192	 -0.3027	  0.0876	  0.0000
 10.1343	 10.5192	 -0.2272	  0.0163	  0.0000
 10.5192	 10.5192	 -0.1501	 -0.0094	  0.0000
 10.9040	 10.5192	  0.0000	  0.0000	  0.0000
 11.2889	 10.5192	  0.0000	  0.0000	  0.0000
  0.5131	 10.1343	  0.0000	  0.0000	  0.0000
  0.8980	 10.1343	 -0.0540	 -0.3381	  0.0000
  1.2828	 10.1343	 -2.0198	 -2.1184	  0.0000
  1.6677	 10.1343	 -2.5841	 -2.3104	  0.0000
  2.0525	 10.1343	 -2.7168	 -2.1933	  0.0000
  2.4374	 10.1343	 -3.0002	 -2.0067	  0.0000
  2.8222	 10.1343	 -3.0913	 -1.7212	  0.0000
  3.2071	 10.1343	 -3.6752	 -1.5870	  0.0000
  3.5919	 10.1343	 -4.0637	 -1.5826	  0.0000
  3.9768	 10.1343	 -4.4041	 -1.5075	  0.0000
  4.3616	 10.1343	 -4.7471	 -1.5545	  0.0000
  4.7465	 10.1343	 -5.2287	 -1.2601	  0.0000
  5.1313	 10.1343	 -5.3132	 -0.7622	  0.0000
  5.5162	 10.1343	 -5.1741	 -0.4653	  0.0000
  5.9010	 10.1343	 -5.1535	  0.0696	  0.0000
  6.2859	 10.1343	 -4.8083	  0.1519	  0.0000
  6.6707	 10.1343	 -4.7512	  0.8283	  0.0000
  7.0556	 10.1343	 -4.5706	  1.3580	  0.0000
  7.4404	 10.1343	 -4.1463	  1.8422	  0.0000
  7.8253	 10.1343	 -3.9202	  1.9912	  0.0000
  8.2101	 10.1343	 -3.6638	  2.1070	  0.0000
  8.5949	 10.1343	 -3.3216	  2.1169	  0.0000
  8.9798	 10.1343	 -2.4559	  1.9555	  0.0000
  9.3646	 10.1343	 -1.6247	  1.3934	  0.0000
  9.7495	 10.1343	 -0.3703	  0.2661	  0.0000
 10.1343	 10.1343	 -0.2841	  0.1042	  0.0000
 10.5192	 10.1343	 -0.2093	  0.0325	  0.0000
 10.9040	 10.1343	 -0.2603	  0.3528	  0.0000
 11.2889	 10.1343	  0.0000	  0.0000	  0.0000
  0.5131	  9.7495	  0.0000	  0.0000	  0.0000
  0.8980	  9.7495	 -0.6413	  0.2511	  0.0000
  1.2828	  9.7495	 -2.3524	 -3.1489	  0.0000
  1.6677	  9.7495	 -2.6361	 -2.7962	  0.0000
  2.0525	  9.7495	 -2.8560	 -2.5935	  0.0000
  2.4374	  9.7495	 -3.2798	 -2.0854	  0.0000
  2.8222	  9.7495	 -3.7496	 -1.8982	  0.0000
  3.2071	  9.7495	 -4.2341	 -1.8394	  0.0000
  3.5919	  9.7495	 -4.3950	 -2.2117	  0.0000
  3.9768	  9.7495	 -4.9619	 -2.0970	  0.0000
  4.3616	  9.7495	 -5.3893	 -2.0584	  0.0000
  4.7465	  9.7495	 -4.1473	 -1.1903	  0.0000
  5.1313	  9.7495	 -6.1424	 -0.7119	  0.0000
  5.5162	  9.7495	 -6.1189	 -0.7533	  0.0000
  5.9010	  9.7495	 -5.6452	  0.3365	  0.0000
  6.2859	  9.7495	 -5.4056	  0.7787	  0.0000
  6.6707	  9.7495	 -5.3082	  1.4277	  0.0000
  7.0556	  9.7495	 -5.2325	  1.6042	  0.0000
  7.4404	  9.7495	 -4.1799	  1.7462	  0.0000
  7.8253	  9.7495	 -4.0436	  2.2271	  0.0000
  8.2101	  9.7495	 -3.9617	  2.5666	  0.0000
  8.5949	  9.7495	 -3.5409	  2.5490	  0.0000
  8.9798	  9.7495	 -3.0145	  2.5023	  0.0000
  9.3646	  9.7495	 -2.4602	  2.4683	  0.0000
  9.7495	  9.7495	 -0.6077	  0.6030	  0.0000
 10.1343	  9.7495	 -0.2942	  0.1601	  0.0000
 10.5192	  9.7495	 -0.3046	  0.1347	  0.0000
 10.9040	  9.7495	 -0.1725	 -0.0039	  0.0000
 11.2889	  9.7495	  0.0000	  0.0000	  0.0000
  0.5131	  9.3646	  0.1721	  0.0533	  0.0000
  0.8980	  9.3646	 -2.0176	 -3.0751	  0.0000
  1.2828	  9.3646	 -2.4793	 -3.2778	  0.0000
  1.6677	  9.3646	 -2.5971	 -3.2590	  0.0000
  2.0525	  9.3646	 -3.0236	 -2.8834	  0.0000
  2.4374	  9.3646	 -3.4961	 -2.6988	  0.0000
  2.8222	  9.3646	 -4.0377	 -2.7815	  0.0000
  3.2071	  9.3646	 -4.5210	 -2.8854	  0.0000
  3.5919	  9.3646	 -4.8268	 -2.8060	  0.0000
  3.9768	  9.3646	 -5.2126	 -2.4941	  0.0000
  4.3616	  9.3646	 -5.7239	 -2.3108	  0.0000
  4.7465	  9.3646	 -6.4952	 -1.7378	  0.0000
  5.1313	  9.3646	 -6.5983	 -0.9451	  0.0000
  5.5162	  9.3646	 -6.8943	 -0.5054	  0.0000
  5.9010	  9.3646	 -6.3668	  0.2814	  0.0000
  6.2859	  9.3646	 -5.7779	  0.7129	  0.0000
  6.6707	  9.3646	 -5.3898	  1.5218	  0.0000
  7.0556	  9.3646	 -5.2039	  2.0765	  0.0000
  7.4404	  9.3646	 -4.7840	  2.2435	  0.0000
  7.8253	  9.3646	 -4.4094	  2.1960	  0.0000
  8.2101	  9.3646	 -4.0358	  2.6658	  0.0000
  8.5949	  9.3646	 -3.7994	  3.1312	  0.0000
  8.9798	  9.3646	 -3.4601	  3.0813	  0.0000
  9.3646	  9.3646	 -2.8122	  2.8460	  0.0000
  9.7495	  9.3646	 -2.1091	  2.1859	  0.0000
 10.1343	  9.3646	 -0.9511	  0.8075	  0.0000
 10.5192	  9.3646	 -0.4005	  0.2711	  0.0000
 10.9040	  9.3646	 -0.2461	  0.0692	  0.0000
 11.2889	  9.3646	  0.1114	 -0.2849	  0.0000
  0.5131	  8.9798	 -0.3460	 -0.3926	  0.0000
  0.8980	  8.9798	 -2.2336	 -3.6692	  0.0000
  1.2828	  8.9798	 -2.3903	 -3.6452	  0.0000
  1.6677	  8.9798	 -2.5203	 -3.5958	  0.0000
  2.0525	  8.9798	 -3.3301	 -3.4462	  0.0000
  2.4374	  8.9798	 -3.5524	 -3.2912	  0.0000
  2.8222	  8.9798	 -4.0518	 -3.3248	  0.0000
  3.2071	  8.9798	 -4.4068	 -3.3372	  0.0000
  3.5919	  8.9798	 -4.9460	 -3.3069	  0.0000
  3.9768	  8.9798	 -5.5386	 -2.9147	  0.0000
  4.3616	  8.9798	 -6.1331	 -2.7057	  0.0000
  4.7465	  8.9798	 -6.5685	 -2.4958	  0.0000
  5.1313	  8.9798	 -6.9808	 -1.7241	  0.0000
  5.5162	  8.9798	 -7.1595	 -1.0031	  0.0000
  5.9010	  8.9798	 -6.6821	  0.2575	  0.0000
  6.2859	  8.9798	 -6.0469	  1.4084	  0.0000
  6.6707	  8.9798	 -5.5839	  1.5967	  0.0000
  7.0556	  8.9798	 -5.4277	  2.1452	  0.0000
  7.4404	  8.9798	 -5.2814	  2.4960	  0.0000
  7.8253	  8.9798	 -5.0145	  2.8502	  0.0000
  8.2101	  8.9798	 -4.3891	  3.2962	  0.0000
  8.5949	  8.9798	 -4.0073	  3.7697	  0.0000
  8.9798	  8.9798	 -3.6787	  4.2319	  0.0000
  9.3646	  8.9798	 -3.0506	  3.2249	  0.0000
  9.7495	  8.9798	 -2.6433	  2.7649	  0.0000
 10.1343	  8.9798	 -2.1346	  2.1401	  0.0000
 10.5192	  8.9798	 -1.1535	  0.9791	  0.0000
 10.9040	  8.9798	 -0.2485	  0.1107	  0.0000
 11.2889	  8.9798	 -0.0619	 -0.0417	  0.0000
  0.5131	  8.5949	 -1.5214	 -3.0321	  0.0000
  0.8980	  8.5949	 -1.6277	 -2.8469	  0.0000
  1.2828	  8.5949	 -1.4746	 -2.5059	  0.0000
  1.6677	  8.5949	 -2.0450	 -3.4848	  0.0000
  2.0525	  8.5949	 -3.0220	 -3.9806	  0.0000
  2.4374	  8.5949	 -3.4584	 -3.7561	  0.0000
  2.8222	  8.5949	 -3.8988	 -3.7241	  0.0000
  3.2071	  8.5949	 -4.3473	 -3.6933	  0.0000
  3.5919	  8.5949	 -5.0560	 -4.0079	  0.0000
  3.9768	  8.5949	 -5.7061	 -3.7530	  0.0000
  4.3616	  8.5949	 -6.2845	 -3.5176	  0.0000
  4.7465	  8.5949	 -7.0523	 -2.7195	  0.0000
  5.1313	  8.5949	 -7.4937	 -1.8718	  0.0000
  5.5162	  8.5949	 -7.7137	 -0.9607	  0.0000
  5.9010	  8.5949	 -7.2642	  0.5827	  0.0000
  6.2859	  8.5949	 -7.3582	  1.6872	  0.0000
  6.6707	  8.5949	 -6.7667	  2.5202	  0.0000
  7.0556	  8.5949	 -6.0008	  2.7876	  0.0000
  7.4404	  8.5949	 -5.6186	  2.9844	  0.0000
  7.8253	  8.5949	 -5.0398	  3.5939	  0.0000
  8.2101	  8.5949	 -4.7618	  4.0108	  0.0000
  8.5949	  8.5949	 -4.2125	  4.3467	  0.0000
  8.9798	  8.5949	 -3.5136	  4.9994	  0.0000
  9.3646	  8.5949	 -2.6242	  4.0110	  0.0000
  9.7495	  8.5949	 -2.7380	  3.1598	  0.0000
 10.1343	  8.5949	 -2.2498	  2.7591	  0.0000
 10.5192	  8.5949	 -1.9433	  2.4536	  0.0000
 10.9040	  8.5949	 -1.3901	  2.2408	  0.0000
 11.2889	  8.5949	 -0.2880	  0.6292	  0.0000
  0.5131	  8.2101	 -1.4631	 -3.1253	  0.0000
  0.8980	  8.2101	 -1.0256	 -2.8183	  0.0000
  1.2828	  8.2101	 -1.3044	 -2.6441	  0.0000
  1.6677	  8.2101	 -2.2534	 -3.9724	  0.0000
  2.0525	  8.2101	 -3.0615	 -4.1322	  0.0000
  2.4374	  8.2101	 -3.2733	 -4.0793	  0.0000
  2.8222	  8.2101	 -3.7589	 -4.2601	  0.0000
  3.2071	  8.2101	 -4.2771	 -4.5035	  0.0000
  3.5919	  8.2101	 -5.3545	 -4.7842	  0.0000
  3.9768	  8.2101	 -5.8233	 -4.6524	  0.0000
  4.3616	  8.2101	 -6.5206	 -4.0471	  0.0000
  4.7465	  8.2101	 -7.0604	 -3.3191	  0.0000
  5.1313	  8.2101	 -7.6282	 -2.2222	  0.0000
  5.5162	  8.2101	 -8.0917	 -1.1587	  0.0000
  5.9010	  8.2101	 -6.9265	 -0.1914	  0.0000
  6.2859	  8.2101	 -8.0048	  2.0389	  0.0000
  6.6707	  8.2101	 -7.4776	  3.1451	  0.0000
  7.0556	  8.2101	 -6.6420	  3.5391	  0.0000
  7.4404	  8.2101	 -5.7257	  3.8083	  0.0000
  7.8253	  8.2101	 -5.0455	  4.0441	  0.0000
  8.2101	  8.2101	 -4.5313	  4.4361	  0.0000
  8.5949	  8.2101	 -4.0812	  4.7680	  0.0000
  8.9798	  8.2101	 -3.4917	  5.0423	  0.0000
  9.3646	  8.2101	 -2.9016	  4.8353	  0.0000
  9.7495	  8.2101	 -2.4135	  3.6865	  0.0000
 10.1343	  8.2101	 -2.0256	  3.3351	  0.0000
 10.5192	  8.2101	 -1.7791	  2.9379	  0.0000
 10.9040	  8.2101	 -1.5054	  2.7737	  0.0000
 11.2889	  8.2101	 -0.6585	  1.1775	  0.0000
  0.5131	  7.8253	 -1.0987	 -3.4308	  0.0000
  0.8980	  7.8253	 -0.5609	 -1.1881	  0.0000
  1.2828	  7.8253	 -0.0231	 -0.1696	  0.0000
  1.6677	  7.8253	 -2.0464	 -4.1839	  0.0000
  2.0525	  7.8253	 -3.0512	 -4.4490	  0.0000
  2.4374	  7.8253	 -3.1101	 -4.5567	  0.0000
  2.8222	  7.8253	 -3.6383	 -4.9215	  0.0000
  3.2071	  7.8253	 -4.6211	 -5.2946	  0.0000
  3.5919	  7.8253	 -5.2970	 -5.3934	  0.0000
  3.9768	  7.8253	 -5.8536	 -5.3041	  0.0000
  4.3616	  7.8253	 -6.5202	 -5.0004	  0.0000
  4.7465	  7.8253	 -7.3516	 -4.0704	  0.0000
  5.1313	  7.8253	 -7.8986	 -2.9134	  0.0000
  5.5162	  7.8253	 -8.9343	 -2.0925	  0.0000
  5.9010	  7.8253	 -9.6237	 -0.6600	  0.0000
  6.2859	  7.8253	 -9.2837	  2.3777	  0.0000
  6.6707	  7.8253	 -8.6199	  3.8827	  0.0000
  7.0556	  7.8253	 -7.3086	  4.4405	  0.0000
  7.4404	  7.8253	 -5.8617	  4.4328	  0.0000
  7.8253	  7.8253	 -5.0009	  5.1649	  0.0000
  8.2101	  7.8253	 -4.3172	  4.8133	  0.0000
  8.5949	  7.8253	 -3.9012	  4.9287	  0.0000
  8.9798	  7.8253	 -3.4703	  5.0830	  0.0000
  9.3646	  7.8253	 -2.4303	  4.8614	  0.0000
  9.7495	  7.8253	 -2.0912	  4.3618	  0.0000
 10.1343	  7.8253	 -2.0022	  3.9231	  0.0000
 10.5192	  7.8253	 -1.7181	  3.5237	  0.0000
 10.9040	  7.8253	 -1.4600	  2.8703	  0.0000
 11.2889	  7.8253	 -0.8138	  1.5642	  0.0000
  0.5131	  7.4404	 -0.0329	 -0.1539	  0.0000
  0.8980	  7.4404	 -0.0417	 -0.1356	  0.0000
  1.2828	  7.4404	 -1.0474	 -2.1246	  0.0000
  1.6677	  7.4404	 -2.3823	 -4.9308	  0.0000
  2.0525	  7.4404	 -2.8834	 -4.8607	  0.0000
  2.4374	  7.4404	 -3.0448	 -5.2653	  0.0000
  2.8222	  7.4404	 -3.7648	 -5.7513	  0.0000
  3.2071	  7.4404	 -4.0141	 -6.0489	  0.0000
  3.5919	  7.4404	 -4.7680	 -6.3010	  0.0000
  3.9768	  7.4404	 -5.6257	 -6.0190	  0.0000
  4.3616	  7.4404	 -6.6778	 -5.7976	  0.0000
  4.7465	  7.4404	 -7.5226	 -5.8151	  0.0000
  5.1313	  7.4404	 -0.2087	 -0.0878	  0.0000
  5.5162	  7.4404	 -0.2376	 -0.0408	  0.0000
  5.9010	  7.4404	 -0.0848	  0.1894	  0.0000
  6.2859	  7.4404	-10.2471	  1.8318	  0.0000
  6.6707	  7.4404	 -7.8455	  4.0594	  0.0000
  7.0556	  7.4404	 -6.6734	  6.1398	  0.0000
  7.4404	  7.4404	 -5.9788	  5.9910	  0.0000
  7.8253	  7.4404	 -4.8982	  6.1552	  0.0000
  8.2101	  7.4404	 -4.3538	  4.9633	  0.0000
  8.5949	  7.4404	 -3.4419	  5.4508	  0.0000
  8.9798	  7.4404	 -3.0880	  5.3706	  0.0000
  9.3646	  7.4404	 -2.5368	  5.1397	  0.0000
  9.7495	  7.4404	 -1.9137	  4.5899	  0.0000
 10.1343	  7.4404	 -1.7125	  4.2002	  0.0000
 10.5192	  7.4404	 -1.3870	  3.7981	  0.0000
 10.9040	  7.4404	 -1.0993	  2.4609	  0.0000
 11.2889	  7.4404	 -0.8236	  1.7665	  0.0000
  0.5131	  7.0556	 -0.0867	 -0.5162	  0.0000
  0.8980	  7.0556	 -0.3822	 -1.4465	  0.0000
  1.2828	  7.0556	 -0.4655	 -1.6666	  0.0000
  1.6677	  7.0556	 -2.2411	 -5.2101	  0.0000
  2.0525	  7.0556	 -2.5705	 -5.4310	  0.0000
  2.4374	  7.0556	 -2.7034	 -5.4203	  0.0000
  2.8222	  7.0556	 -3.5493	 -6.3574	  0.0000
  3.2071	  7.0556	 -3.7948	 -6.8800	  0.0000
  3.5919	  7.0556	 -4.3462	 -6.7758	  0.0000
  3.9768	  7.0556	 -4.7423	 -7.2362	  0.0000
  4.3616	  7.0556	 -3.6484	 -8.1596	  0.0000
  4.7465	  7.0556	 -0.7546	 -0.5586	  0.0000
  5.1313	  7.0556	 -0.3270	  0.0958	  0.0000
  5.5162	  7.0556	 -0.1985	  0.1121	  0.0000
  5.9010	  7.0556	 -0.1302	  0.2090	  0.0000
  6.2859	  7.0556	 -2.6946	  0.5975	  0.0000
  6.6707	  7.0556	 -0.9237	  0.3184	  0.0000
  7.0556	  7.0556	 -5.6790	  5.5744	  0.0000
  7.4404	  7.0556	 -5.8493	  7.5132	  0.0000
  7.8253	  7.0556	 -4.0615	  6.9774	  0.0000
  8.2101	  7.0556	 -3.5131	  6.6465	  0.0000
  8.5949	  7.0556	 -2.8677	  5.9556	  0.0000
  8.9798	  7.0556	 -2.5208	  5.6521	  0.0000
  9.3646	  7.0556	 -2.1492	  5.4825	  0.0000
  9.7495	  7.0556	 -1.6140	  4.9064	  0.0000
 10.1343	  7.0556	 -1.3355	  4.3858	  0.0000
 10.5192	  7.0556	 -0.9616	  3.9850	  0.0000
 10.9040	  7.0556	 -0.7561	  2.5174	  0.0000
 11.2889	  7.0556	 -0.5406	  1.4502	  0.0000
  0.5131	  6.6707	 -0.5962	 -3.3978	  0.0000
  0.8980	  6.6707	 -0.6190	 -3.4566	  0.0000
  1.2828	  6.6707	 -1.1569	 -4.6526	  0.0000
  1.6677	  6.6707	 -1.9214	 -5.4364	  0.0000
  2.0525	  6.6707	 -2.0007	 -5.7453	  0.0000
  2.4374	  6.6707	 -2.2271	 -6.0563	  0.0000
  2.8222	  6.6707	 -2.4506	 -6.9437	  0.0000
  3.2071	  6.6707	 -2.6888	 -7.3656	  0.0000
  3.5919	  6.6707	 -3.4791	 -7.6628	  0.0000
  3.9768	  6.6707	 -3.9582	 -8.2894	  0.0000
  4.3616	  6.6707	 -3.2924	 -9.2194	  0.0000
  4.7465	  6.6707	 -0.4772	  0.0431	  0.0000
  5.1313	  6.6707	 -0.3560	  0.0988	  0.0000
  5.5162	  6.6707	 -0.0441	  0.1705	  0.0000
  5.9010	  6.6707	 -0.1318	  0.2346	  0.0000
  6.2859	  6.6707	 -0.4397	  0.4743	  0.0000
  6.6707	  6.6707	 -0.4906	  0.3160	  0.0000
  7.0556	  6.6707	 -0.3114	  0.3813	  0.0000
  7.4404	  6.6707	 -4.8648	  9.3591	  0.0000
  7.8253	  6.6707	 -3.2240	  8.2146	  0.0000
  8.2101	  6.6707	 -2.6132	  7.4156	  0.0000
  8.5949	  6.6707	 -2.2007	  6.6118	  0.0000
  8.9798	  6.6707	 -1.8452	  5.8970	  0.0000
  9.3646	  6.6707	 -1.5597	  5.6356	  0.0000
  9.7495	  6.6707	 -1.1903	  5.2102	  0.0000
 10.1343	  6.6707	  0.0618	  4.8019	  0.0000
 10.5192	  6.6707	 -0.5375	  4.0073	  0.0000
 10.9040	  6.6707	 -0.5322	  3.1144	  0.0000
 11.2889	  6.6707	 -0.4955	  1.8012	  0.0000
  0.5131	  6.2859	 -0.5775	 -4.7356	  0.0000
  0.8980	  6.2859	 -0.6806	 -4.9899	  0.0000
  1.2828	  6.2859	 -1.0061	 -5.3726	  0.0000
  1.6677	  6.2859	 -1.1253	 -5.5507	  0.0000
  2.0525	  6.2859	 -1.3210	 -6.2005	  0.0000
  2.4374	  6.2859	 -1.3408	 -6.9053	  0.0000
  2.8222	  6.2859	 -1.7264	 -7.2421	  0.0000
  3.2071	  6.2859	 -1.7728	 -7.7158	  0.0000
  3.5919	  6.2859	 -1.9302	 -7.8533	  0.0000
  3.9768	  6.2859	 -1.4581	 -9.7643	  0.0000
  4.3616	  6.2859	 -2.5231	 -9.7410	  0.0000
  4.7465	  6.2859	 -0.4948	  0.1291	  0.0000
  5.1313	  6.2859	 -0.3501	  0.2475	  0.0000
  5.5162	  6.2859	  0.0000	  0.0000	  0.0000
  5.9010	  6.2859	  0.0000	  0.0000	  0.0000
  6.2859	  6.2859	  0.0108	  0.0757	  0.0000
  6.6707	  6.2859	 -0.2224	  0.1756	  0.0000
  7.0556	  6.2859	 -0.2322	  0.2753	  0.0000
  7.4404	  6.2859	 -3.2220	 10.4541	  0.0000
  7.8253	  6.2859	 -1.8384	  8.1347	  0.0000
  8.2101	  6.2859	 -1.6908	  8.0226	  0.0000
  8.5949	  6.2859	 -1.4821	  7.3353	  0.0000
  8.9798	  6.2859	 -0.9804	  6.0632	  0.0000
  9.3646	  6.2859	 -0.9518	  5.8112	  0.0000
  9.7495	  6.2859	 -0.7520	  5.3717	  0.0000
 10.1343	  6.2859	  0.4540	  5.0660	  0.0000
 10.5192	  6.2859	  0.3368	  4.6420	  0.0000
 10.9040	  6.2859	 -0.2775	  3.0512	  0.0000
 11.2889	  6.2859	 -0.0967	  1.2283	  0.0000
  0.5131	  5.9010	 -0.3138	 -4.0823	  0.0000
  0.8980	  5.9010	 -0.1820	 -5.1540	  0.0000
  1.2828	  5.9010	 -0.2772	 -5.4790	  0.0000
  1.6677	  5.9010	 -0.6951	 -5.8391	  0.0000
  2.0525	  5.9010	 -0.5455	 -6.5632	  0.0000
  2.4374	  5.9010	 -0.6990	 -7.2668	  0.0000
  2.8222	  5.9010	 -0.6763	 -7.7867	  0.0000
  3.2071	  5.9010	 -0.5953	 -7.8028	  0.0000
  3.5919	  5.9010	 -0.6717	 -8.1441	  0.0000
  3.9768	  5.9010	 -1.6790	 -8.6848	  0.0000
  4.3616	  5.9010	 -0.9749	 -0.8142	  0.0000
  4.7465	  5.9010	 -0.4087	  0.0092	  0.0000
  5.1313	  5.9010	 -0.0896	  0.0779	  0.0000
  5.5162	  5.9010	  0.0000	  0.0000	  0.0000
  5.9010	  5.9010	  0.0000	  0.0000	  0.0000
  6.2859	  5.9010	 -0.5813	 -0.6971	  0.0000
  6.6707	  5.9010	 -0.2284	  0.2263	  0.0000
  7.0556	  5.9010	 -0.2139	  0.2623	  0.0000
  7.4404	  5.9010	  3.0044	  3.2653	  0.0000
  7.8253	  5.9010	 -0.0061	 10.0472	  0.0000
  8.2101	  5.9010	 -0.4212	  8.3811	  0.0000
  8.5949	  5.9010	 -0.4217	  7.1970	  0.0000
  8.9798	  5.9010	 -0.1657	  6.1099	  0.0000
  9.3646	  5.9010	 -0.2361	  5.8363	  0.0000
  9.7495	  5.9010	 -0.1632	  5.4166	  0.0000
 10.1343	  5.9010	  0.3539	  4.8333	  0.0000
 10.5192	  5.9010	  0.4481	  4.5058	  0.0000
 10.9040	  5.9010	 -0.0727	  2.8277	  0.0000
 11.2889	  5.9010	  0.0351	  1.1820	  0.0000
  0.5131	  5.5162	  0.0658	 -3.6934	  0.0000
  0.8980	  5.5162	  0.4413	 -5.1249	  0.0000
  1.2828	  5.5162	  0.3445	 -5.4293	  0.0000
  1.6677	  5.5162	  0.2492	 -5.9256	  0.0000
  2.0525	  5.5162	 -0.1148	 -6.6750	  0.0000
  2.4374	  5.5162	 -0.1668	 -7.4004	  0.0000
  2.8222	  5.5162	 -0.0764	 -7.7330	  0.0000
  3.2071	  5.5162	  0.5545	 -7.8810	  0.0000
  3.5919	  5.5162	  0.7464	 -8.0250	  0.0000
  3.9768	  5.5162	  1.9596	 -9.0243	  0.0000
  4.3616	  5.5162	  0.0000	  0.0000	  0.0000
  4.7465	  5.5162	  0.0108	 -2.0243	  0.0000
  5.1313	  5.5162	 -0.2362	  0.0007	  0.0000
  5.5162	  5.5162	  0.0000	  0.0000	  0.0000
  5.9010	  5.5162	  0.0000	  0.0000	  0.0000
  6.2859	  5.5162	 -0.4189	 -0.1474	  0.0000
  6.6707	  5.5162	 -0.2494	  0.2182	  0.0000
  7.0556	  5.5162	 -0.2635	  0.2094	  0.0000
  7.4404	  5.5162	  1.8460	  6.2335	  0.0000
  7.8253	  5.5162	  1.3541	  8.5414	  0.0000
  8.2101	  5.5162	  1.2266	  7.9877	  0.0000
  8.5949	  5.5162	  1.0916	  6.5940	  0.0000
  8.9798	  5.5162	  0.2999	  6.0830	  0.0000
  9.3646	  5.5162	  0.2981	  5.7903	  0.0000
  9.7495	  5.5162	  0.3278	  4.6068	  0.0000
 10.1343	  5.5162	  0.5311	  4.2791	  0.0000
 10.5192	  5.5162	  0.4311	  4.2582	  0.0000
 10.9040	  5.5162	 -0.0685	  1.7810	  0.0000
 11.2889	  5.5162	 -0.0113	  1.0171	  0.0000
  0.5131	  5.1313	  0.1489	 -2.8467	  0.0000
  0.8980	  5.1313	  0.8449	 -5.0944	  0.0000
  1.2828	  5.1313	  0.9064	 -5.4673	  0.0000
  1.6677	  5.1313	  0.7729	 -5.7359	  0.0000
  2.0525	  5.1313	  0.4867	 -6.4010	  0.0000
  2.4374	  5.1313	  0.5199	 -7.0817	  0.0000
  2.8222	  5.1313	  1.1639	 -7.4880	  0.0000
  3.2071	  5.1313	  1.7696	 -7.6980	  0.0000
  3.5919	  5.1313	  1.9737	 -7.8498	  0.0000
  3.9768	  5.1313	  2.8198	 -8.3121	  0.0000
  4.3616	  5.1313	  5.8672	-10.0113	  0.0000
  4.7465	  5.1313	  7.1525	 -8.3525	  0.0000
  5.1313	  5.1313	  0.3086	 -0.6158	  0.0000
  5.5162	  5.1313	  0.0259	  0.0237	  0.0000
  5.9010	  5.1313	 -0.0454	  0.0204	  0.0000
  6.2859	  5.1313	 -0.1836	  0.1440	  0.0000
  6.6707	  5.1313	 -0.2088	  0.1273	  0.0000
  7.0556	  5.1313	 -0.1936	  0.0723	  0.0000
  7.4404	  5.1313	  4.0632	  9.1700	  0.0000
  7.8253	  5.1313	  2.8773	  8.5321	  0.0000
  8.2101	  5.1313	  2.2321	  7.4932	  0.0000
  8.5949	  5.1313	  1.5083	  6.7648	  0.0000
  8.9798	  5.1313	  1.2311	  6.1062	  0.0000
  9.3646	  5.1313	  0.7975	  5.6066	  0.0000
  9.7495	  5.1313	  0.9425	  4.7434	  0.0000
 10.1343	  5.1313	  1.2224	  4.4025	  0.0000
 10.5192	  5.1313	  0.7788	  4.3125	  0.0000
 10.9040	  5.1313	 -0.0361	  1.3124	  0.0000
 11.2889	  5.1313	 -0.0068	  1.1009	  0.0000
  0.5131	  4.7465	  0.3492	 -2.4334	  0.0000
  0.8980	  4.7465	  1.0965	 -4.9005	  0.0000
  1.2828	  4.7465	  1.2277	 -5.4605	  0.0000
  1.6677	  4.7465	  1.2636	 -5.7269	  0.0000
  2.0525	  4.7465	  1.2877	 -6.2158	  0.0000
  2.4374	  4.7465	  1.4453	 -6.6538	  0.0000
  2.8222	  4.7465	  1.9630	 -7.2062	  0.0000
  3.2071	  4.7465	  2.5741	 -7.3803	  0.0000
  3.5919	  4.7465	  3.2458	 -7.3599	  0.0000
  3.9768	  4.7465	  4.0736	 -7.6484	  0.0000
  4.3616	  4.7465	  6.3879	 -7.7848	  0.0000
  4.7465	  4.7465	  7.1192	 -7.7473	  0.0000
  5.1313	  4.7465	  5.7431	 -4.8008	  0.0000
  5.5162	  4.7465	 -0.0132	 -0.0281	  0.0000
  5.9010	  4.7465	 -0.0436	  0.0244	  0.0000
  6.2859	  4.7465	 -0.0967	  0.1614	  0.0000
  6.6707	  4.7465	 -0.2971	  0.2433	  0.0000
  7.0556	  4.7465	  7.3949	  7.3269	  0.0000
  7.4404	  4.7465	  4.0944	  8.0690	  0.0000
  7.8253	  4.7465	  3.6866	  7.5445	  0.0000
  8.2101	  4.7465	  3.1592	  6.8023	  0.0000
  8.5949	  4.7465	  2.2614	  6.3448	  0.0000
  8.9798	  4.7465	  2.1656	  6.0731	  0.0000
  9.3646	  4.7465	  1.4782	  5.7588	  0.0000
  9.7495	  4.7465	  1.4060	  4.3800	  0.0000
 10.1343	  4.7465	  1.6534	  4.4308	  0.0000
 10.5192	  4.7465	  1.1453	  4.0603	  0.0000
 10.9040	  4.7465	  0.3075	  1.4458	  0.0000
 11.2889	  4.7465	  0.1503	  1.1940	  0.0000
  0.5131	  4.3616	  0.4142	 -2.3691	  0.0000
  0.8980	  4.3616	  0.9214	 -4.2887	  0.0000
  1.2828	  4.3616	  1.4492	 -5.3298	  0.0000
  1.6677	  4.3616	  1.6144	 -5.7120	  0.0000
  2.0525	  4.3616	  1.8619	 -6.0327	  0.0000
  2.4374	  4.3616	  1.9354	 -6.2853	  0.0000
  2.8222	  4.3616	  2.4406	 -6.6323	  0.0000
  3.2071	  4.3616	  2.9343	 -6.8187	  0.0000
  3.5919	  4.3616	  3.7770	 -7.0507	  0.0000
  3.9768	  4.3616	  4.8469	 -6.7741	  0.0000
  4.3616	  4.3616	  5.9888	 -6.4665	  0.0000
  4.7465	  4.3616	  7.8288	 -5.7694	  0.0000
  5.1313	  4.3616	  5.0765	 -2.7335	  0.0000
  5.5162	  4.3616	 -0.0245	 -0.0303	  0.0000
  5.9010	  4.3616	 -0.0403	  0.0051	  0.0000
  6.2859	  4.3616	 -0.0082	  0.0721	  0.0000
  6.6707	  4.3616	  6.1430	  3.7950	  0.0000
  7.0556	  4.3616	  7.6120	  5.9775	  0.0000
  7.4404	  4.3616	  6.1016	  6.2585	  0.0000
  7.8253	  4.3616	  3.4201	  5.4266	  0.0000
  8.2101	  4.3616	  3.6435	  5.6592	  0.0000
  8.5949	  4.3616	  2.7492	  5.9373	  0.0000
  8.9798	  4.3616	  2.6506	  5.8722	  0.0000
  9.3646	  4.3616	  1.8867	  5.4534	  0.0000
  9.7495	  4.3616	  1.7547	  4.6992	  0.0000
 10.1343	  4.3616	  1.6658	  4.6040	  0.0000
 10.5192	  4.3616	  1.2516	  3.7855	  0.0000
 10.9040	  4.3616	  0.6578	  2.1340	  0.0000
 11.2889	  4.3616	  0.4387	  1.7270	  0.0000
  0.5131	  3.9768	  0.5473	 -2.3679	  0.0000
  0.8980	  3.9768	  0.7100	 -3.2017	  0.0000
  1.2828	  3.9768	  1.5730	 -4.9554	  0.0000
  1.6677	  3.9768	  1.8830	 -5.6025	  0.0000
  2.0525	  3.9768	  2.2585	 -5.7810	  0.0000
  2.4374	  3.9768	  2.4105	 -5.8152	  0.0000
  2.8222	  3.9768	  2.8003	 -5.0805	  0.0000
  3.2071	  3.9768	  3.3329	 -6.4012	  0.0000
  3.5919	  3.9768	  4.4028	 -6.0004	  0.0000
  3.9768	  3.9768	  5.4929	 -5.8435	  0.0000
  4.3616	  3.9768	  6.2969	 -4.9928	  0.0000
  4.7465	  3.9768	  7.4486	 -4.0323	  0.0000
  5.1313	  3.9768	  8.6446	 -3.1999	  0.0000
  5.5162	  3.9768	  9.6447	 -1.4275	  0.0000
  5.9010	  3.9768	  8.9273	  0.7797	  0.0000
  6.2859	  3.9768	  9.5425	  2.2158	  0.0000
  6.6707	  3.9768	  8.4652	  3.6599	  0.0000
  7.0556	  3.9768	  7.2207	  4.9287	  0.0000
  7.4404	  3.9768	  5.2292	  5.1884	  0.0000
  7.8253	  3.9768	  4.7976	  4.8656	  0.0000
  8.2101	  3.9768	  3.7049	  5.3668	  0.0000
  8.5949	  3.9768	  3.2946	  5.4759	  0.0000
  8.9798	  3.9768	  3.0145	  5.5854	  0.0000
  9.3646	  3.9768	  2.1190	  4.9061	  0.0000
  9.7495	  3.9768	  2.0791	  4.5636	  0.0000
 10.1343	  3.9768	  1.9668	  4.5078	  0.0000
 10.5192	  3.9768	  1.2877	  3.2265	  0.0000
 10.9040	  3.9768	  0.9879	  2.3052	  0.0000
 11.2889	  3.9768	  0.5896	  1.5099	  0.0000
  0.5131	  3.5919	  0.6570	 -2.2948	  0.0000
  0.8980	  3.5919	  1.0095	 -2.9529	  0.0000
  1.2828	  3.5919	  1.4550	 -4.1279	  0.0000
  1.6677	  3.5919	  2.2428	 -5.3610	  0.0000
  2.0525	  3.5919	  2.5642	 -5.4260	  0.0000
  2.4374	  3.5919	  2.8147	 -5.4886	  0.0000
  2.8222	  3.5919	  3.1413	 -5.2807	  0.0000
  3.2071	  3.5919	  4.0324	 -5.3207	  0.0000
  3.5919	  3.5919	  4.7035	 -4.9978	  0.0000
  3.9768	  3.5919	  5.3446	 -4.7320	  0.0000
  4.3616	  3.5919	  6.5643	 -4.2830	  0.0000
  4.7465	  3.5919	  7.0226	 -3.4006	  0.0000
  5.1313	  3.5919	  7.5369	 -2.3342	  0.0000
  5.5162	  3.5919	  7.9831	 -1.0593	  0.0000
  5.9010	  3.5919	  8.2517	  0.2824	  0.0000
  6.2859	  3.5919	  8.1257	  1.3080	  0.0000
  6.6707	  3.5919	  6.7723	  2.3976	  0.0000
  7.0556	  3.5919	  6.1353	  3.1392	  0.0000
  7.4404	  3.5919	  5.6747	  3.5979	  0.0000
  7.8253	  3.5919	  4.7393	  4.4767	  0.0000
  8.2101	  3.5919	  3.8795	  4.6651	  0.0000
  8.5949	  3.5919	  3.6151	  4.8165	  0.0000
  8.9798	  3.5919	  3.1138	  4.7410	  0.0000
  9.3646	  3.5919	  2.3377	  4.2560	  0.0000
  9.7495	  3.5919	  2.2307	  4.2385	  0.0000
 10.1343	  3.5919	  1.8830	  4.0401	  0.0000
 10.5192	  3.5919	  1.2479	  3.0415	  0.0000
 10.9040	  3.5919	  0.9504	  1.9860	  0.0000
 11.2889	  3.5919	  0.0541	  0.8573	  0.0000
  0.5131	  3.2071	  0.6556	 -2.5021	  0.0000
  0.8980	  3.2071	  1.2685	 -2.7835	  0.0000
  1.2828	  3.2071	  1.3931	 -3.1297	  0.0000
  1.6677	  3.2071	  2.1987	 -4.5216	  0.0000
  2.0525	  3.2071	  2.7584	 -5.0354	  0.0000
  2.4374	  3.2071	  3.1627	 -4.9782	  0.0000
  2.8222	  3.2071	  3.3113	 -4.8746	  0.0000
  3.2071	  3.2071	  4.0352	 -4.7269	  0.0000
  3.5919	  3.2071	  4.8215	 -4.5666	  0.0000
  3.9768	  3.2071	  5.2820	 -4.0849	  0.0000
  4.3616	  3.2071	  5.9218	 -3.6813	  0.0000
  4.7465	  3.2071	  7.0071	 -2.6746	  0.0000
  5.1313	  3.2071	  7.2040	 -1.8632	  0.0000
  5.5162	  3.2071	  7.1969	 -0.8503	  0.0000
  5.9010	  3.2071	  7.3773	  0.2289	  0.0000
  6.2859	  3.2071	  7.0989	  1.0190	  0.0000
  6.6707	  3.2071	  6.7067	  2.0432	  0.0000
  7.0556	  3.2071	  6.2605	  2.6851	  0.0000
  7.4404	  3.2071	  5.2540	  3.0079	  0.0000
  7.8253	  3.2071	  4.5836	  3.6487	  0.0000
  8.2101	  3.2071	  4.0261	  4.0755	  0.0000
  8.5949	  3.2071	  3.7251	  4.2560	  0.0000
  8.9798	  3.2071	  2.8939	  4.0032	  0.0000
  9.3646	  3.2071	  2.4509	  3.8016	  0.0000
  9.7495	  3.2071	  2.1727	  3.7370	  0.0000
 10.1343	  3.2071	  1.6754	  3.4089	  0.0000
 10.5192	  3.2071	  0.3421	  1.0344	  0.0000
 10.9040	  3.2071	  0.1609	  0.6308	  0.0000
 11.2889	  3.2071	 -0.1599	  0.2934	  0.0000
  0.5131	  2.8222	  0.2267	 -1.8392	  0.0000
  0.8980	  2.8222	  1.2918	 -2.3981	  0.0000
  1.2828	  2.8222	  1.4847	 -2.6276	  0.0000
  1.6677	  2.8222	  1.8782	 -3.2732	  0.0000
  2.0525	  2.8222	  2.7923	 -4.4148	  0.0000
  2.4374	  2.8222	  3.3169	 -4.6025	  0.0000
  2.8222	  2.8222	  3.5173	 -4.4219	  0.0000
  3.2071	  2.8222	  4.0394	 -4.1693	  0.0000
  3.5919	  2.8222	  4.6496	 -4.0631	  0.0000
  3.9768	  2.8222	  5.1618	 -3.7756	  0.0000
  4.3616	  2.8222	  5.8524	 -3.1133	  0.0000
  4.7465	  2.8222	  6.0848	 -2.3364	  0.0000
  5.1313	  2.8222	  6.3640	 -1.6147	  0.0000
  5.5162	  2.8222	  6.4808	 -0.6568	  0.0000
  5.9010	  2.8222	  6.6561	 -0.1359	  0.0000
  6.2859	  2.8222	  6.3333	  0.7709	  0.0000
  6.6707	  2.8222	  6.1490	  1.6991	  0.0000
  7.0556	  2.8222	  5.6507	  2.1448	  0.0000
  7.4404	  2.8222	  5.0371	  2.6856	  0.0000
  7.8253	  2.8222	  4.5687	  3.1985	  0.0000
  8.2101	  2.8222	  4.1809	  3.5429	  0.0000
  8.5949	  2.8222	  3.4643	  3.5542	  0.0000
  8.9798	  2.8222	  2.9981	  3.4983	  0.0000
  9.3646	  2.8222	  2.5256	  3.3686	  0.0000
  9.7495	  2.8222	  2.0900	  3.2738	  0.0000
 10.1343	  2.8222	  1.8208	  3.0821	  0.0000
 10.5192	  2.8222	  0.0013	  0.3147	  0.0000
 10.9040	  2.8222	 -0.0834	  0.1432	  0.0000
 11.2889	  2.8222	 -0.1554	  0.2025	  0.0000
  0.5131	  2.4374	 -0.3158	  1.6905	  0.0000
  0.8980	  2.4374	  1.2807	 -2.0794	  0.0000
  1.2828	  2.4374	  1.5898	 -2.4155	  0.0000
  1.6677	  2.4374	  1.7600	 -2.5933	  0.0000
  2.0525	  2.4374	  2.5973	 -3.6751	  0.0000
  2.4374	  2.4374	  3.3875	 -4.2338	  0.0000
  2.8222	  2.4374	  3.7332	 -4.1010	  0.0000
  3.2071	  2.4374	  4.1293	 -3.8272	  0.0000
  3.5919	  2.4374	  4.5366	 -3.5171	  0.0000
  3.9768	  2.4374	  5.0010	 -3.1368	  0.0000
  4.3616	  2.4374	  5.4654	 -2.7635	  0.0000
  4.7465	  2.4374	  5.8196	 -2.1656	  0.0000
  5.1313	  2.4374	  6.1030	 -1.4338	  0.0000
  5.5162	  2.4374	  6.1466	 -0.5363	  0.0000
  5.9010	  2.4374	  6.0795	  0.0483	  0.0000
  6.2859	  2.4374	  5.9437	  0.6706	  0.0000
  6.6707	  2.4374	  5.8013	  1.5528	  0.0000
  7.0556	  2.4374	  5.2004	  2.4807	  0.0000
  7.4404	  2.4374	  4.5873	  2.5247	  0.0000
  7.8253	  2.4374	  4.4561	  2.8989	  0.0000
  8.2101	  2.4374	  3.9556	  2.4565	  0.0000
  8.5949	  2.4374	  3.4057	  3.2243	  0.0000
  8.9798	  2.4374	  3.0015	  3.1106	  0.0000
  9.3646	  2.4374	  2.4882	  2.9900	  0.0000
  9.7495	  2.4374	  2.0449	  2.7805	  0.0000
 10.1343	  2.4374	  1.6092	  2.3605	  0.0000
 10.5192	  2.4374	 -0.0677	  0.0351	  0.0000
 10.9040	  2.4374	 -0.1068	 -0.0447	  0.0000
 11.2889	  2.4374	 -0.1231	  0.0009	  0.0000
  0.5131	  2.0525	  0.0000	  0.0000	  0.0000
  0.8980	  2.0525	  0.6664	  0.9752	  0.0000
  1.2828	  2.0525	  1.5898	 -1.3577	  0.0000
  1.6677	  2.0525	  1.7980	 -2.3093	  0.0000
  2.0525	  2.0525	  2.0846	 -2.5925	  0.0000
  2.4374	  2.0525	  2.9881	 -3.3688	  0.0000
  2.8222	  2.0525	  3.7864	 -3.6845	  0.0000
  3.2071	  2.0525	  4.1652	 -3.4428	  0.0000
  3.5919	  2.0525	  4.5674	 -3.2167	  0.0000
  3.9768	  2.0525	  4.9074	 -2.8948	  0.0000
  4.3616	  2.0525	  5.2369	 -2.3458	  0.0000
  4.7465	  2.0525	  5.5076	 -1.8006	  0.0000
  5.1313	  2.0525	  5.6770	 -1.2515	  0.0000
  5.5162	  2.0525	  5.7629	 -0.5864	  0.0000
  5.9010	  2.0525	  5.7564	 -0.0444	  0.0000
  6.2859	  2.0525	  5.7734	  0.5502	  0.0000
  6.6707	  2.0525	  5.2575	  1.1103	  0.0000
  7.0556	  2.0525	  0.0458	 -0.0605	  0.0000
  7.4404	  2.0525	  0.3363	  0.3222	  0.0000
  7.8253	  2.0525	  3.9077	  2.4449	  0.0000
  8.2101	  2.0525	  3.6911	  2.7145	  0.0000
  8.5949	  2.0525	  3.3101	  2.7440	  0.0000
  8.9798	  2.0525	  2.7953	  2.5810	  0.0000
  9.3646	  2.0525	  2.4093	  2.4757	  0.0000
  9.7495	  2.0525	  2.1767	  2.2495	  0.0000
 10.1343	  2.0525	  0.3571	  0.4715	  0.0000
 10.5192	  2.0525	  0.1023	  0.1585	  0.0000
 10.9040	  2.0525	  0.1329	  0.0975	  0.0000
 11.2889	  2.0525	  0.0000	  0.0000	  0.0000
  0.5131	  1.6677	  0.0000	  0.0000	  0.0000
  0.8980	  1.6677	  0.1187	 -0.0255	  0.0000
  1.2828	  1.6677	 -0.0025	 -0.6858	  0.0000
  1.6677	  1.6677	  1.6734	 -2.0360	  0.0000
  2.0525	  1.6677	  1.9472	 -2.2469	  0.0000
  2.4374	  1.6677	  2.4718	 -2.6177	  0.0000
  2.8222	  1.6677	  3.3178	 -3.0486	  0.0000
  3.2071	  1.6677	  4.0492	 -3.0721	  0.0000
  3.5919	  1.6677	  4.4084	 -2.7318	  0.0000
  3.9768	  1.6677	  4.7176	 -2.4745	  0.0000
  4.3616	  1.6677	  5.0799	 -2.1847	  0.0000
  4.7465	  1.6677	  5.1445	 -1.6641	  0.0000
  5.1313	  1.6677	  5.2969	 -1.1354	  0.0000
  5.5162	  1.6677	  5.4704	 -0.5917	  0.0000
  5.9010	  1.6677	  5.5081	 -0.1529	  0.0000
  6.2859	  1.6677	  5.5144	  0.3267	  0.0000
  6.6707	  1.6677	  5.0529	  0.3643	  0.0000
  7.0556	  1.6677	 -0.0160	 -0.0367	  0.0000
  7.4404	  1.6677	  0.0126	  0.2903	  0.0000
  7.8253	  1.6677	  1.9577	  1.2497	  0.0000
  8.2101	  1.6677	  3.4075	  2.0313	  0.0000
  8.5949	  1.6677	  2.9235	  1.8862	  0.0000
  8.9798	  1.6677	  2.4986	  1.8365	  0.0000
  9.3646	  1.6677	  2.0846	  1.6836	  0.0000
  9.7495	  1.6677	  1.1642	  0.7891	  0.0000
 10.1343	  1.6677	 -0.4302	  0.0195	  0.0000
 10.5192	  1.6677	  0.4647	  0.1027	  0.0000
 10.9040	  1.6677	 -0.1978	  0.0465	  0.0000
 11.2889	  1.6677	  0.0000	  0.0000	  0.0000
  0.5131	  1.2828	  0.0000	  0.0000	  0.0000
  0.8980	  1.2828	  0.0000	  0.0000	  0.0000
  1.2828	  1.2828	  1.4557	 -0.5499	  0.0000
  1.6677	  1.2828	  1.5510	 -1.5741	  0.0000
  2.0525	  1.2828	  2.0564	 -2.1543	  0.0000
  2.4374	  1.2828	  2.2873	 -2.3034	  0.0000
  2.8222	  1.2828	  2.8057	 -2.4762	  0.0000
  3.2071	  1.2828	  3.7483	 -2.6548	  0.0000
  3.5919	  1.2828	  4.1035	 -2.5392	  0.0000
  3.9768	  1.2828	  4.3889	 -2.1259	  0.0000
  4.3616	  1.2828	  4.6193	 -1.7989	  0.0000
  4.7465	  1.2828	  4.9262	 -1.4420	  0.0000
  5.1313	  1.2828	  4.9999	 -1.1067	  0.0000
  5.5162	  1.2828	  5.1265	 -0.7695	  0.0000
  5.9010	  1.2828	  5.1016	 -0.4432	  0.0000
  6.2859	  1.2828	  4.8812	 -0.0975	  0.0000
  6.6707	  1.2828	  4.5494	  0.3975	  0.0000
  7.0556	  1.2828	  0.8510	  0.2170	  0.0000
  7.4404	  1.2828	  1.1159	  0.3242	  0.0000
  7.8253	  1.2828	  3.0088	  1.1375	  0.0000
  8.2101	  1.2828	  3.0023	  1.3037	  0.0000
  8.5949	  1.2828	  2.6146	  1.4381	  0.0000
  8.9798	  1.2828	  2.2016	  1.4286	  0.0000
  9.3646	  1.2828	  1.5534	  1.0523	  0.0000
  9.7495	  1.2828	  0.9095	  0.6423	  0.0000
 10.1343	  1.2828	 -0.0229	  0.1445	  0.0000
 10.5192	  1.2828	 -0.2850	 -0.1545	  0.0000
 10.9040	  1.2828	  0.0000	  0.0000	  0.0000
 11.2889	  1.2828	  0.0000	  0.0000	  0.0000
  0.5131	  0.8980	  0.0000	  0.0000	  0.0000
  0.8980	  0.8980	  0.0000	  0.0000	  0.0000
  1.2828	  0.8980	  0.0000	  0.0000	  0.0000
  1.6677	  0.8980	  0.5315	  0.6227	  0.0000
  2.0525	  0.8980	  0.9158	 -0.8197	  0.0000
  2.4374	  0.8980	  2.2020	 -1.2504	  0.0000
  2.8222	  0.8980	  2.3938	 -1.9864	  0.0000
  3.2071	  0.8980	  2.5076	 -1.7423	  0.0000
  3.5919	  0.8980	  3.6608	 -2.1669	  0.0000
  3.9768	  0.8980	  4.2586	 -1.9430	  0.0000
  4.3616	  0.8980	  4.3097	 -1.6501	  0.0000
  4.7465	  0.8980	  4.2864	 -1.2501	  0.0000
  5.1313	  0.8980	  4.1786	 -0.8059	  0.0000
  5.5162	  0.8980	  4.3325	 -0.4585	  0.0000
  5.9010	  0.8980	  4.2070	 -0.1342	  0.0000
  6.2859	  0.8980	  3.9649	  0.1107	  0.0000
  6.6707	  0.8980	  4.1186	  0.1494	  0.0000
  7.0556	  0.8980	  3.5025	  0.7387	  0.0000
  7.4404	  0.8980	  2.8044	  0.9278	  0.0000
  7.8253	  0.8980	  2.7844	  0.9691	  0.0000
  8.2101	  0.8980	  2.6061	  0.9587	  0.0000
  8.5949	  0.8980	  2.4939	  1.2108	  0.0000
  8.9798	  0.8980	  1.9551	  1.2205	  0.0000
  9.3646	  0.8980	  1.7317	  1.0636	  0.0000
  9.7495	  0.8980	 -0.2311	  0.6674	  0.0000
 10.1343	  0.8980	 -0.6405	  0.2152	  0.0000
 10.5192	  0.8980	  0.0000	  0.0000	  0.0000
 10.9040	  0.8980	  0.0000	  0.0000	  0.0000
 11.2889	  0.8980	  0.0000	  0.0000	  0.0000
  0.5131	  0.5131	  0.0000	  0.0000	  0.0000
  0.8980	  0.5131	  0.0000	  0.0000	  0.0000
  1.2828	  0.5131	  0.0000	  0.0000	  0.0000
  1.6677	  0.5131	  0.0000	  0.0000	  0.0000
  2.0525	  0.5131	  0.0000	  0.0000	  0.0000
  2.4374	  0.5131	  0.5573	 -0.6959	  0.0000
  2.8222	  0.5131	  1.7721	 -1.2746	  0.0000
  3.2071	  0.5131	  1.8871	 -0.9287	  0.0000
  3.5919	  0.5131	  2.8821	 -1.6181	  0.0000
  3.9768	  0.5131	  3.7261	 -1.5603	  0.0000
  4.3616	  0.5131	  4.0791	 -1.5523	  0.0000
  4.7465	  0.5131	  3.9566	 -1.0928	  0.0000
  5.1313	  0.5131	  3.7728	 -0.7375	  0.0000
  5.5162	  0.5131	  3.5995	 -0.4305	  0.0000
  5.9010	  0.5131	  3.5190	 -0.1603	  0.0000
  6.2859	  0.5131	  3.5279	  0.1289	  0.0000
  6.6707	  0.5131	  3.6394	  0.4236	  0.0000
  7.0556	  0.5131	  3.4034	  0.6760	  0.0000
  7.4404	  0.5131	  2.5197	  0.6553	  0.0000
  7.8253	  0.5131	  2.1135	  0.6527	  0.0000
  8.2101	  0.5131	  2.1599	  0.5656	  0.0000
  8.5949	  0.5131	  1.4048	  0.3958	  0.0000
  8.9798	  0.5131	  0.1598	 -0.0153	  0.0000
  9.3646	  0.5131	 -0.9816	 -0.3492	  0.0000
  9.7495	  0.5131	  0.0000	  0.0000	  0.0000
 10.1343	  0.5131	  0.0000	  0.0000	  0.0000
 10.5192	  0.5131	  0.0000	  0.0000	  0.0000
 10.9040	  0.5131	  0.0000	  0.0000	  0.0000
 11.2889	  0.5131	  0.0000	  0.0000	  0.0000
